entrada * pesos 0.9373200247000512, -5.689810189130223, 1.9443124170734065, -4.053844319553399, -3.1907128530935536, -1.501695666819888, 3.3671429536360145, -4.922329405005287, -0.9374457489588123


activity --> 0.7185579971653824, 0.0033688470207707184, 0.8748251433363947, 0.017059450306003525, 0.03951671422624191, 0.18217275729173638, 0.9666617402994808, 0.007229501701128386, 0.28141657801445225



oculta * pesos --> 0.8131080616915702, -0.4395288138394018, -0.5173218978148822
activity --> 0.6927714176548119, 0.39185324920881576, 0.3734786764867822


Erro -> 0.30722858234518813, -0.39185324920881576, -0.3734786764867822


0.7185579971653824, 0.0033688470207707184, 0.8748251433363947, 0.017059450306003525, 0.03951671422624191, 0.18217275729173638, 0.9666617402994808, 0.007229501701128386, 0.28141657801445225



input 0.8131080616915702, -0.4395288138394018, -0.5173218978148822
derivada = 0.21283918053535408, 0.23830428029330947, 0.2339923546964637
gradient = 0.0653902797033884, -0.09338030653330168, -0.08739115494006096


update 
[[0.009397341683550185, -0.013419833207451746, -0.012559122652739965], [4.40579697932248E-5, -6.291679349267397E-5, -5.888148639230733E-5], [0.01144101216286474, -0.016338288009558423, -0.015290395929354383], [2.2310444541912507E-4, -3.1860333977284727E-4, -2.981690129768449E-4], [5.168017992425651E-4, -7.380165775270706E-4, -6.906822591335236E-4], [0.002382465510728826, -0.0034022695835838226, -0.003184057531668051], [0.01264205631534945, -0.018053433924636077, -0.01689553718422818], [9.454782767058149E-5, -1.3501861698687895E-4, -1.2635890066054904E-4], [0.0036803817499070908, -0.005255753263708472, -0.0049186639543925504]]

novos pesos
[[0.9082567608328811, 0.2241454263231011, -0.998495453214522], 
[-0.7086845976465485, 0.4618732239869101, -0.6738270554735476], 
[0.354704389341034, 0.25053675652244606, 0.30744414392702285], 
[-0.3414209687880014, 0.7831578115693272, -0.3148370291110225], 
[0.4872371630168371, -0.6940180963090579, -0.3085961910810709], 
[-0.10639371625129038, 0.4310253008056417, 0.8940627449503257],
[-0.3512135348894637, -0.6784334336147133, -0.3280572894985846], 
[0.5511887908920396, 0.9480554208312182, 0.951878468584392], 
[0.7977681873073662, -0.9961699464575099, 0.2049092715589551]]


entrada + oculta
0.025424670885606265, -1.0268713466220293E-4, -0.002964207661450201, -0.0011392997731816273, 0.004692651520611879, -0.018673820918744224, 0.0022254448542407376, -9.737576813711763E-4, 0.02573906561936984



update 
[0.027458644556454772, -1.1090210543517917E-4, -0.0032013442743662177, -0.0012304437550361576, 0.00506806364226083, -0.020167726592243765, 0.002403480442579997, -0.0010516582958808704, 0.027798190868919426], [0.017288776202212263, -6.9827251570298E-5, -0.002015661209786137, -7.747238457635066E-4, 0.0031910030340160777, -0.012698198224746073, 0.0015133025008837015, -6.621552233323999E-4, 0.01750256462117149], [0.008644388101106132, -3.4913625785149E-5, -0.0010078306048930685, -3.873619228817533E-4, 0.0015955015170080388, -0.006349099112373037, 7.566512504418507E-4, -3.3107761166619994E-4, 0.008751282310585745], [0.0010169868354242507, -4.107485386488117E-6, -1.1856830645800805E-4, -4.55719909272651E-5, 1.8770606082447517E-4, -7.46952836749769E-4, 8.901779416962952E-5, -3.895030725484705E-5, 0.0010295626247747937]


novos pesos
[[-0.33168952334297364, -0.24174984593627913, 0.5784931647319024, -0.4758997956292273, -0.2636303615774667, 0.011520491107702688, 0.32518882977283414, -0.2674408460595526, 0.15532638109822072], 
[0.42164514807403775, -0.7599305562070667, -0.6484327801053182, -0.03465521381619409, -0.6970607605672652, -0.40520460285785487, 0.2648779105865752, -0.7377874494084355, -0.12192097666747316],
[0.9365430877269657, -0.9813139700013185, 0.6147104981857097, -0.9105358940721628, 0.489146128417859, -0.31379574926350806, 0.3193912820453913, -0.6394388331911446, -0.5810961773425078], 
[-0.37657962502059233, -0.6662991982682425, -0.228822999604758, 0.8590361836114492, -0.9384194259097492, 0.9210982402127527, 0.9350066548435526, 0.5443680178577688, -0.7455567094021668]]































-0.3530753835681348, 0.3529480584826938, 0.3529480584826936, -0.35307538356813445, -0.3530753835681346, 0.352948058482694, -0.3530753835681345, -0.3530753835681347, -0.35307538356813467, 0.35294805848269384

